1 0.0
2 0.0027397260274
3 0.00820416588478
4 0.0163559124666
5 0.0271355736998
6 0.0404624836491
7 0.056235703096
8 0.0743352923517
9 0.0946238338892
10 0.116948177711
11 0.141141378322
12 0.167024788838
13 0.194410275232
14 0.223102512005
15 0.252901319764
16 0.283604005253
17 0.315007665297
18 0.346911417872
19 0.379118526032
20 0.411438383581
21 0.443688335165
22 0.475695307663
23 0.507297234324
24 0.538344257915
25 0.568699703969
26 0.598240820136
27 0.626859282263
28 0.654461472342
29 0.680968537478
30 0.706316242719
31 0.730454633729
32 0.75334752785
33 0.774971854176
34 0.79531686462
35 0.814383238875
36 0.83218210638
37 0.848734008216
38 0.864067821082
39 0.878219664367
40 0.891231809818
41 0.903151611482
42 0.914030471562
43 0.923922855656
44 0.932885368551
45 0.940975899466
46 0.948252843367
47 0.954774402833
48 0.960597972879
49 0.965779609323
50 0.970373579578
51 0.974431993334
52 0.978004509334
53 0.981138113484
54 0.983876962759
55 0.986262288816
56 0.988332354885
57 0.990122459341
58 0.991664979389
59 0.992989448418
60 0.994122660865
61 0.995088798805
62 0.995909574895
63 0.996604386831
64 0.997190478967
65 0.997683107312
66 0.99809570464
67 0.998440042979
68 0.998726391254
69 0.998963666308
70 0.999159575965
71 0.999320753177
72 0.999452880641
73 0.999560805556
74 0.999648644445
75 0.999719878174
76 0.999777437453
77 0.999823779244
78 0.999860954581
79 0.999890668397
80 0.999914331949
81 0.999933108508
82 0.999947952922
83 0.99995964569
84 0.999968822149
85 0.999975997326
86 0.99998158699
87 0.999985925398
88 0.999989280166
89 0.999991864674
90 0.999993848356
91 0.9999953652
92 0.999996520725
93 0.999997397693
94 0.999998060747
95 0.999998560171
96 0.999998934921
97 0.999999215051
98 0.999999423654
99 0.999999578399
100 0.999999692751
101 0.999999776929
102 0.999999838655
103 0.999999883743
104 0.99999991655
105 0.999999940328
106 0.999999957494
107 0.999999969838
108 0.99999997868
109 0.999999984988
110 0.999999989471
111 0.999999992644
112 0.999999994881
113 0.999999996452
114 0.99999999755
115 0.999999998315
116 0.999999998846
117 0.999999999213
118 0.999999999465
119 0.999999999638
120 0.999999999756
121 0.999999999836
122 0.999999999891
123 0.999999999927
124 0.999999999952
125 0.999999999968
126 0.999999999979
127 0.999999999986
128 0.999999999991
129 0.999999999994
130 0.999999999996
131 0.999999999998
132 0.999999999998
133 0.999999999999
134 0.999999999999
135 1.0
136 1.0
137 1.0
138 1.0
139 1.0
140 1.0
141 1.0
142 1.0
143 1.0
144 1.0
145 1.0
146 1.0
147 1.0
148 1.0
149 1.0
150 1.0
151 1.0
152 1.0
153 1.0
154 1.0
155 1.0
156 1.0
157 1.0
158 1.0
159 1.0
160 1.0
161 1.0
162 1.0
163 1.0
164 1.0
165 1.0
166 1.0
167 1.0
168 1.0
169 1.0
170 1.0
171 1.0
172 1.0
173 1.0
174 1.0
175 1.0
176 1.0
177 1.0
178 1.0
179 1.0
180 1.0
181 1.0
182 1.0
183 1.0
184 1.0
185 1.0
186 1.0
187 1.0
188 1.0
189 1.0
190 1.0
191 1.0
192 1.0
193 1.0
194 1.0
195 1.0
196 1.0
197 1.0
198 1.0
199 1.0
200 1.0
201 1.0
202 1.0
203 1.0
204 1.0
205 1.0
206 1.0
207 1.0
208 1.0
209 1.0
210 1.0
211 1.0
212 1.0
213 1.0
214 1.0
215 1.0
216 1.0
217 1.0
218 1.0
219 1.0
220 1.0
221 1.0
222 1.0
223 1.0
224 1.0
225 1.0
226 1.0
227 1.0
228 1.0
229 1.0
230 1.0
231 1.0
232 1.0
233 1.0
234 1.0
235 1.0
236 1.0
237 1.0
238 1.0
239 1.0
240 1.0
241 1.0
242 1.0
243 1.0
244 1.0
245 1.0
246 1.0
247 1.0
248 1.0
249 1.0
250 1.0
251 1.0
252 1.0
253 1.0
254 1.0
255 1.0
256 1.0
257 1.0
258 1.0
259 1.0
260 1.0
261 1.0
262 1.0
263 1.0
264 1.0
265 1.0
266 1.0
267 1.0
268 1.0
269 1.0
270 1.0
271 1.0
272 1.0
273 1.0
274 1.0
275 1.0
276 1.0
277 1.0
278 1.0
279 1.0
280 1.0
281 1.0
282 1.0
283 1.0
284 1.0
285 1.0
286 1.0
287 1.0
288 1.0
289 1.0
290 1.0
291 1.0
292 1.0
293 1.0
294 1.0
295 1.0
296 1.0
297 1.0
298 1.0
299 1.0
300 1.0
301 1.0
302 1.0
303 1.0
304 1.0
305 1.0
306 1.0
307 1.0
308 1.0
309 1.0
310 1.0
311 1.0
312 1.0
313 1.0
314 1.0
315 1.0
316 1.0
317 1.0
318 1.0
319 1.0
320 1.0
321 1.0
322 1.0
323 1.0
324 1.0
325 1.0
326 1.0
327 1.0
328 1.0
329 1.0
330 1.0
331 1.0
332 1.0
333 1.0
334 1.0
335 1.0
336 1.0
337 1.0
338 1.0
339 1.0
340 1.0
341 1.0
342 1.0
343 1.0
344 1.0
345 1.0
346 1.0
347 1.0
348 1.0
349 1.0
350 1.0
351 1.0
352 1.0
353 1.0
354 1.0
355 1.0
356 1.0
357 1.0
358 1.0
359 1.0
360 1.0
361 1.0
362 1.0
363 1.0
364 1.0
365 1.0
